0,391
0,390
0,389
0,388
0,387
0,386
0,385
0,384
0,319
0,318
0,317
0,316
0,243
27,3
27,2
0,9
27,1
27,0
26,52
26,51
26,50
26,49
26,48
26,47
26,46
26,45
26,44
26,43
26,42
26,41
26,40
26,39
26,38
26,37
26,36
26,35
3,1
3,3
10,220
10,262
10,312
10,254
10,176
10,124
10,102
9,7
8,14
8,13
24,3
24,1
17,3
17,2
17,1
16,3
16,2
16,1
15,3
20,2
15,2
20,1
15,1
14,2
13,2
12,3
20,3
12,2
12,1
11,30
11,29
11,28
11,27
11,26
11,25
11,24
11,23
11,22
11,21
11,18
11,17
11,16
11,15
11,14
11,13
11,12
11,11
11,10
11,9
11,8
11,7
19,2
